2.055365867780628575e-01
1.115309201906250269e+00
7.674006006204548980e-01
1.039787002194385579e+00
1.146243481510442308e+00
8.251974580634721113e-01
8.837255810287075741e-01
9.123423945805119173e-01
8.836953120228776548e-01
8.647350014145370745e-01
8.783007084408223086e-01
8.409747429266415386e-01
8.649928012712851944e-01
7.492490368269737466e-01
7.620117018539875886e-01
6.590015477500972274e-01
6.741149241698941585e-01
6.010181820162460165e-01
6.186539009795146704e-01
4.556005045239981399e-01
4.761043450833256085e-01
3.948127831533072563e-01
4.116768149330454207e-01
3.203621805409151424e-01
3.319744429941375863e-01
2.876737805721087948e-01
2.942741540284364854e-01
2.726225337213747935e-01
2.757563098851875116e-01
2.680264563547466450e-01
2.705004391285691367e-01
2.720884328213806214e-01
2.721515181167747377e-01
2.722559371718603627e-01
2.722492420484805553e-01
2.721116735403991127e-01
2.721007206092963537e-01
2.704991478868898902e-01
2.680474398508189138e-01
2.757125720498891930e-01
2.725423623224710878e-01
2.941641322079711074e-01
2.875368605952569601e-01
3.316520447337572008e-01
3.202460903974089224e-01
4.117594511027745097e-01
3.945668233977223660e-01
4.752992056470664584e-01
4.554017810529311094e-01
6.172000958631950196e-01
5.994804875055290694e-01
6.728245202851903528e-01
6.589948701410741627e-01
7.659064316804188310e-01
7.526350358997752066e-01
8.635165768032274647e-01
8.380429154118710366e-01
8.751211854245366517e-01
8.593804629960258845e-01
8.820385697220135546e-01
9.134861123165901597e-01
8.787769413979650279e-01
8.232331433076151006e-01
1.150138291914577948e+00
1.038329321613152167e+00
7.671474930228224798e-01
1.117230054888346924e+00
2.050000881776019579e-01
