1.855321486042812440e-01
3.391271024145083857e-01
3.348527171311141970e-01
3.415635963392477104e-01
3.413248611467604166e-01
3.413177186122853257e-01
3.413173130678444078e-01
3.413177186068392377e-01
3.413177186135913921e-01
3.413177186028170107e-01
3.413177186040582400e-01
3.413177186040160516e-01
3.413177186040258215e-01
3.413177186040236011e-01
3.413177186040212696e-01
3.413177186040236011e-01
3.413177186040212696e-01
3.413177186040236011e-01
3.413177186040212696e-01
3.413177186040227129e-01
3.413177186040212696e-01
3.413177186040236011e-01
3.413177186040223798e-01
3.413177186040236011e-01
3.413177186040221578e-01
3.413177186040239341e-01
3.413177186040223798e-01
3.413177186040212696e-01
3.413177186040304845e-01
3.413177186039545452e-01
3.413177186039565436e-01
3.413177186043953037e-01
3.413177186036581157e-01
3.413177186248518291e-01
3.413177186719605904e-01
3.413177186286606712e-01
3.413177185849247675e-01
3.413177186064022539e-01
3.413177186037906763e-01
3.413177186040529110e-01
3.413177186040114997e-01
3.413177186040211586e-01
3.413177186040184941e-01
3.413177186040204925e-01
3.413177186040183830e-01
3.413177186040204925e-01
3.413177186040184941e-01
3.413177186040207145e-01
3.413177186040192712e-01
3.413177186040204925e-01
3.413177186040186051e-01
3.413177186040206035e-01
3.413177186040196043e-01
3.413177186040201594e-01
3.413177186040198263e-01
3.413177186040199373e-01
3.413177186040197153e-01
3.413177186040203814e-01
3.413177186040190492e-01
3.413177186040310396e-01
3.413177186040415867e-01
3.413173130628432972e-01
3.413177186042986033e-01
3.413248611553131306e-01
3.415635963425075472e-01
3.348527171228927735e-01
3.391271024073918561e-01
1.855321486051362267e-01
