1.855321486042826873e-01
3.391271024145112722e-01
3.348527171311166395e-01
3.415635963392500418e-01
3.413248611467633031e-01
3.413177186122885454e-01
3.413173130678466283e-01
3.413177186068416802e-01
3.413177186135942787e-01
3.413177186028198973e-01
3.413177186040611266e-01
3.413177186040184941e-01
3.413177186040282640e-01
3.413177186040262656e-01
3.413177186040251554e-01
3.413177186040260436e-01
3.413177186040240452e-01
3.413177186040270428e-01
3.413177186040251554e-01
3.413177186040268207e-01
3.413177186040253774e-01
3.413177186040260436e-01
3.413177186040260436e-01
3.413177186040260436e-01
3.413177186040252664e-01
3.413177186040260436e-01
3.413177186040249333e-01
3.413177186040389222e-01
3.413177186039253463e-01
3.413177186048035328e-01
3.413177186010659669e-01
3.413177186319462653e-01
1.505504298646965777e-01
1.766200318037046024e+00
1.766200318035354488e+00
1.505504298384978679e-01
3.413177186100401217e-01
3.413177186030019739e-01
3.413177186042175570e-01
3.413177186039999533e-01
3.413177186040260436e-01
3.413177186040229349e-01
3.413177186040213806e-01
3.413177186040229349e-01
3.413177186040211586e-01
3.413177186040226019e-01
3.413177186040207145e-01
3.413177186040229349e-01
3.413177186040214917e-01
3.413177186040231570e-01
3.413177186040213806e-01
3.413177186040231570e-01
3.413177186040218247e-01
3.413177186040226019e-01
3.413177186040217137e-01
3.413177186040227129e-01
3.413177186040221578e-01
3.413177186040226019e-01
3.413177186040212696e-01
3.413177186040331490e-01
3.413177186040443623e-01
3.413173130628457397e-01
3.413177186043009348e-01
3.413248611553153511e-01
3.415635963425101007e-01
3.348527171228951049e-01
3.391271024073941875e-01
1.855321486051375590e-01
