2.055556091585970524e-01
1.115420526030900028e+00
7.674820661020124168e-01
1.039910126391529355e+00
1.146372582983657518e+00
8.252805294759331112e-01
8.838162080882102645e-01
9.124209165282189948e-01
8.837657642732201779e-01
8.648255443300859602e-01
8.783951022890829075e-01
8.410585617695464089e-01
8.650784120460160986e-01
7.493198367123422576e-01
7.620616383066817212e-01
6.592574213537515382e-01
6.743518718960525016e-01
6.013120886571744483e-01
6.189744560382266503e-01
4.561047917795037487e-01
4.763499986327268676e-01
3.970988076875101580e-01
4.137646650426072270e-01
3.254911039886400070e-01
3.352396808063831668e-01
3.072802765517798074e-01
3.079414445176619219e-01
3.305871428756756991e-01
3.131162337823519826e-01
5.185189726183845327e-01
5.263756956307805712e-01
7.821403188546764973e-01
7.800773046883460182e-01
2.664911834027271498e-01
2.664950465876979591e-01
7.800096019080747789e-01
7.821514963698031897e-01
5.263586052285289529e-01
5.185216145996967008e-01
3.131049575792202999e-01
3.305140408060834867e-01
3.078235534570632481e-01
3.071566967886872890e-01
3.348651201871080119e-01
3.252826120398718546e-01
4.138196022720254663e-01
3.968197880958343471e-01
4.755007611018309821e-01
4.559005149330463968e-01
6.174924352071652356e-01
5.997492669037373103e-01
6.730808100629183111e-01
6.592465011525082685e-01
7.659544273332322684e-01
7.527168032490688665e-01
8.636187427847478171e-01
8.381352264528477702e-01
8.752076690093657518e-01
8.594699644256614812e-01
8.821169035685046955e-01
9.135692858905578584e-01
8.788657540624487119e-01
8.233129362569114873e-01
1.150266993396861226e+00
1.038451779016222432e+00
7.672283413035337896e-01
1.117345934594007995e+00
2.050212621572848892e-01
